function mycmap = set_mycmap()
%SET_MYCMAP Summary of this function goes here
%   set my cmap for imagesc
mycmap = ...
[0,0,0.562500000000000;
0,0,0.593750000000000;
0,0,0.625000000000000;
0,0,0.656250000000000;
0,0,0.687500000000000;
0,0,0.718750000000000;
0,0,0.750000000000000;
0,0,0.781250000000000;
0,0,0.812500000000000;
0,0,0.843750000000000;
0,0,0.875000000000000;
0,0,0.906250000000000;
0,0,0.937500000000000;
0,0,0.968750000000000;
0,0,1;
0,0.0769230797886848,1;
0,0.153846159577370,1;
0,0.230769231915474,1;
0,0.307692319154739,1;
0,0.384615391492844,1;
0,0.461538463830948,1;
0,0.538461565971375,1;
0,0.615384638309479,1;
0,0.692307710647583,1;
0,0.769230782985687,1;
0,0.846153855323792,1;
0,0.923076927661896,1;
0,1,1;
0.200000002980232,1,0.866666674613953;
0.400000005960465,1,0.733333349227905;
0.600000023841858,1,0.600000023841858;
0.600000023841858,1,0.600000023841858;
0.600000023841858,1,0.600000023841858;
0.733333349227905,1,0.400000005960465;
0.866666674613953,1,0.200000002980232;
1,1,0;
1,0.937500000000000,0;
1,0.875000000000000,0;
1,0.812500000000000,0;
1,0.750000000000000,0;
1,0.687500000000000,0;
1,0.625000000000000,0;
1,0.562500000000000,0;
1,0.500000000000000,0;
1,0.437500000000000,0;
1,0.375000000000000,0;
1,0.312500000000000,0;
1,0.250000000000000,0;
1,0.187500000000000,0;
1,0.125000000000000,0;
1,0.0625000000000000,0;
1,0,0;
0.958333313465118,0,0;
0.916666686534882,0,0;
0.875000000000000,0,0;
0.833333313465118,0,0;
0.791666686534882,0,0;
0.750000000000000,0,0;
0.708333313465118,0,0;
0.666666686534882,0,0;
0.625000000000000,0,0;
0.583333313465118,0,0;
0.541666686534882,0,0;
0.500000000000000,0,0];

end

